1000 500 456

199 61 3672.5
346 656 3785.1
138 551 -4468.1
258 985 9399.0
899 466 8630.1
480 168 -9652.9
537 466 -641.0
906 206 2094.7
970 760 -8963.8
270 27 8035.4
639 443 8500.5
179 48 -7536.7
847 842 6903.6
555 750 9478.5
790 335 9877.9
142 583 3031.5
463 297 -4225.9
401 710 -8807.0
154 624 5999.4
153 470 147.3
530 4 -8166.8
164 719 -4732.1
506 505 -2905.1
253 388 -1924.8
364 66 9853.3
538 472 6988.5
173 295 6864.2
565 955 -8952.2
624 460 2183.6
839 42 -1327.2
38 827 296.6
835 993 -4469.1
619 26 -841.7
824 215 -6201.3
332 632 -1444.9
781 977 1439.6
332 403 1412.5
820 17 535.1
715 113 -9714.0
70 608 3730.4
326 493 360.7
692 994 2475.8
717 16 -8363.5
270 107 -4225.6
548 917 5178.8
678 79 -7121.3
435 558 -1616.6
72 864 7207.6
469 374 -9477.6
173 984 7993.7
319 694 -3919.6
607 829 -4234.3
799 953 -5935.8
34 636 -2161.2
77 435 2435.8
563 83 -445.6
328 774 3283.9
894 929 -5973.1
731 764 4224.1
471 649 718.8
961 621 9921.0
303 658 5879.6
41 524 -8888.6
224 150 -216.9
185 389 1603.8
788 544 -9389.5
98 277 5951.4
621 357 9697.5
500 188 -9661.9
77 743 -6146.9
967 749 3801.1
327 981 4123.3
219 475 -1799.7
154 115 -6631.2
852 285 8822.2
373 925 -357.6
652 822 -2560.2
953 446 4513.5
680 657 22.6
743 318 -3549.9
963 103 5063.6
792 131 -2376.5
326 62 5270.0
961 801 7253.6
861 180 4914.3
650 715 5908.7
132 948 -3869.3
764 198 9218.2
739 993 3997.3
508 319 5398.0
988 375 -8201.1
273 79 1891.9
679 355 7174.9
244 960 3658.7
290 736 -8140.6
442 586 -9632.2
147 466 -125.6
789 416 -6045.5
269 426 6832.0
277 331 -6503.1
432 492 7924.4
19 692 7553.9
65 314 1104.7
529 363 -7296.8
157 244 -8663.2
351 467 3236.1
369 365 31.5
553 86 -3082.9
713 441 3201.5
507 262 6581.4
271 441 -2696.3
187 886 136.1
444 538 -6056.2
886 722 -698.8
156 383 3220.4
519 22 2346.6
828 147 -7736.3
457 697 8075.2
904 778 -7751.6
591 941 843.4
423 434 -6870.2
407 946 -7828.3
104 745 1088.8
483 499 141.7
673 262 2328.4
928 253 5755.9
452 687 -8291.0
300 29 9130.2
881 170 9733.1
693 440 7323.0
508 444 -113.2
684 437 -676.8
979 425 -7304.7
40 686 996.3
415 346 2734.4
855 10 582.3
222 481 -8365.7
701 612 -5025.1
685 149 -733.6
401 61 9278.6
195 519 3205.5
512 121 6087.0
171 507 6307.9
871 833 -5051.8
256 495 3281.0
975 409 -7526.9
723 186 -8240.5
300 521 -1935.2
746 182 -8402.3
956 696 5528.1
268 192 7671.3
156 971 4137.6
856 715 8548.5
245 481 -4854.3
659 694 -746.2
862 360 -7373.1
419 785 9549.5
707 693 6013.8
159 795 -104.8
14 144 -5514.6
800 649 -3855.1
133 685 -4558.2
507 696 -1817.5
77 123 8706.5
41 301 5442.3
238 570 9203.3
601 956 -9965.2
685 203 4518.6
839 633 -9071.1
917 201 8851.4
209 800 -7457.4
755 222 3640.2
127 258 -7539.8
319 554 -3979.6
603 157 284.4
404 943 -97.9
270 370 -3082.7
229 949 -9008.3
949 395 9883.5
95 385 -2475.1
825 742 6367.2
845 60 -6421.3
969 411 4740.0
584 927 6097.0
265 22 3404.0
952 903 994.8
572 313 5429.4
166 179 -6950.4
874 220 4996.8
702 181 -2506.3
597 350 -9199.8
428 446 470.4
66 190 9762.8
491 298 9728.1
576 948 9253.4
551 870 3941.3
923 413 8775.3
276 130 -6050.0
598 612 -7149.2
526 874 3924.2
185 306 1246.2
843 742 1932.5
79 904 7375.2
501 479 2332.7
731 999 -2502.8
190 841 8139.6
19 88 2923.9
451 144 6404.4
856 439 2813.1
182 183 -9422.4
896 404 -3358.8
512 704 6956.4
459 800 4702.3
90 633 -3792.3
534 598 -1994.2
809 107 8646.0
509 621 -9710.7
700 341 -1646.7
52 342 9787.3
39 776 2849.9
407 307 -3015.2
906 66 4613.6
688 95 4294.0
781 840 -7719.9
569 229 6807.5
875 307 5655.3
411 37 -8844.6
748 361 9246.3
521 259 -7064.7
222 800 -5245.5
559 203 9483.9
680 574 4278.8
452 343 -8833.6
623 904 6934.5
153 304 -1662.3
334 140 8794.7
802 777 3988.3
259 454 9901.8
343 684 3433.3
390 195 -753.0
354 659 -4369.2
164 912 643.9
630 445 8877.2
758 698 2278.4
998 870 3482.2
87 799 6478.6
472 680 5273.0
777 917 -4482.2
453 337 2809.5
531 762 -2464.0
308 816 899.3
220 709 9252.9
887 943 93.5
174 672 -4807.5
604 762 1237.0
468 64 9260.5
496 18 -9443.5
817 822 8650.9
15 839 5162.2
680 403 -1329.5
502 281 3743.8
751 70 -4907.1
362 252 4026.4
955 131 -6430.0
483 789 1904.7
534 489 45.5
576 99 -4814.4
265 917 -3249.3
749 447 2923.7
893 658 8414.0
920 743 -1008.3
191 43 1896.5
516 107 -2000.1
763 177 4666.0
107 519 5849.0
810 848 -7177.5
393 765 -1546.8
613 127 5456.7
501 939 -1465.2
56 643 -3013.7
450 617 -5531.5
668 936 -5285.6
991 11 3741.0
795 472 1979.2
567 153 9876.1
880 218 -2404.8
492 99 -4762.5
423 456 8961.1
75 519 -726.4
122 411 -5954.1
504 135 -9864.4
913 712 2739.8
712 122 -3314.4
291 874 -1744.6
261 499 -3226.4
917 811 -5119.1
72 977 8650.2
674 754 4540.3
422 711 -1950.9
303 68 6773.5
677 999 3199.5
830 274 -488.0
277 601 -9622.3
343 73 -2884.2
623 104 -7826.0
882 820 5563.9
643 41 -206.5
848 908 -1920.8
239 922 3532.1
286 468 2784.6
185 1000 -2249.8
961 869 5958.0
637 631 4045.8
432 588 4884.4
422 578 6845.6
573 429 -3938.8
461 253 -5495.2
99 249 9684.6
871 955 -1780.0
304 387 -8017.4
167 606 7273.4
251 144 6293.3
432 839 -2190.4
901 429 5986.8
170 275 -2619.1
160 803 8773.8
770 37 -4312.6
233 396 -4006.1
395 163 358.2
794 936 -3247.8
95 41 749.4
280 729 1817.3
271 627 -2755.6
215 330 -6553.3
569 544 1092.9
619 592 -9297.7
1000 132 -7266.2
97 642 5176.2
768 318 2137.1
342 484 2353.9
242 450 5739.6
73 6 6897.4
566 7 6003.9
311 200 -2545.9
825 147 -1391.5
524 339 6099.5
506 706 -800.9
604 212 -8998.6
404 630 1079.1
321 23 -6789.6
692 432 1667.3
270 730 9768.2
281 694 6822.7
145 402 -1394.4
84 913 -6796.5
772 316 -4278.7
471 527 -3535.5
106 382 4844.7
375 698 8877.5
734 177 -3325.1
184 177 -7153.5
715 636 3553.0
373 874 9551.2
285 178 -8982.8
438 332 -8604.5
160 883 -3245.1
147 960 -1164.0
817 88 -3502.8
591 137 -9918.1
370 730 -8132.6
150 841 969.4
131 43 3854.4
9 875 -4707.7
750 100 -732.0
759 718 -6709.8
840 586 -6091.6
240 454 -6719.9
853 442 -9294.5
815 384 1413.4
131 930 -1981.9
288 407 1152.9
785 21 -9680.3
793 93 -3202.8
928 382 -4541.8
13 531 7086.0
887 282 5177.6
245 821 9237.3
935 436 -9743.6
581 811 4885.2
228 817 5349.0
420 446 5771.7
794 455 -8641.2
312 139 7860.5
588 541 5551.8
655 47 7950.0
337 908 -1341.0
704 759 -1268.4
754 945 644.7
228 342 4682.2
254 925 7138.3
632 106 -5289.9
334 231 5279.3
636 797 566.6
451 458 -8587.2
842 231 -7145.6
883 840 7437.9
333 869 -5414.4
985 719 7446.6
194 538 5045.4
376 268 -9340.0
520 927 -3631.7
454 652 7317.8
600 530 2755.9
102 134 -3639.8
568 262 -4633.3
880 354 -4386.4
164 650 852.3
496 326 4960.8
893 320 3856.3
833 335 9844.7
516 906 -6767.9
324 811 -1402.6
345 60 7609.3
970 56 -2470.4
52 611 -5724.7
674 670 -6661.4
360 699 -9972.9
493 569 -2567.7
547 778 -4217.5
426 734 9384.3
817 275 3247.3
533 707 -5213.7
322 190 -7521.1
843 43 4386.8
155 105 4703.7
133 2 1492.6
56 987 741.7
883 842 7347.3
658 447 4042.7
929 77 -2812.8
993 641 1537.1
901 952 7376.8
124 53 1326.5
973 770 916.3
47 737 -2645.0
701 111 -9425.9
392 129 4005.8
952 607 9.1
663 524 -7035.1
715 543 -3633.7
709 883 6947.7
834 363 -4635.0
526 783 3028.4
141 93 -5137.4
727 156 -5337.4
385 775 -7831.4
678 756 -7847.8
792 108 6648.6
519 969 6063.9
157 516 -2920.6
220 447 -8943.8
198 558 -2706.4
633 343 1493.9
908 633 -9621.0
616 853 5554.5
242 858 -6645.1
432 81 -8696.7
364 705 9467.4
496 742 -4984.9
376 594 -901.7
394 344 8087.1
716 144 8742.4
205 851 1662.5
550 476 5488.9
757 241 -8865.6
96 26 8314.0
757 625 -4650.2
661 656 -4487.9
906 485 1077.5
407 379 6459.7
519 472 3852.0
900 210 -5631.4
569 83 1163.4
4 317 -2605.2
807 918 -1091.6
954 46 1791.9
889 28 488.7
424 794 -1041.0
751 512 -69.6
358 401 8050.5
384 181 -7678.3
123 759 9284.7
940 760 -2244.0
825 648 -6327.8
616 72 818.9
484 382 -9534.3
466 123 -9281.1
866 210 7473.6
341 111 -465.6
655 932 643.3

570 278 -7060.5
627 315 -9569.2
646 271 4928.6
459 656 9455.9
515 731 -6863.4
937 176 -829.6
663 612 -9618.4
628 347 4365.0
448 941 -6363.0
557 802 -419.1
864 799 -7541.9
492 898 -1878.3
284 798 8669.9
707 449 -4476.8
811 553 8536.3
564 655 -7229.1
89 860 4924.8
341 575 -8337.2
972 530 -8500.3
736 143 -8944.5
168 647 5585.3
242 114 -1378.6
939 131 7500.2
14 239 -5927.4
82 494 7674.1
97 748 4537.6
978 699 -9760.5
304 165 7271.3
670 445 -5140.8
760 86 -6085.8
199 939 9389.0
243 310 -8730.1
232 608 -5907.4
232 729 7298.3
21 826 9368.4
67 143 3187.7
400 218 931.3
429 641 5446.6
967 496 7765.2
904 503 197.7
113 331 -4795.1
903 718 -4013.9
181 20 -1959.4
975 242 5971.6
990 584 2007.0
490 280 -3347.8
322 451 1384.3
813 591 -6732.9
960 25 2568.1
809 595 5754.9
296 487 614.9
157 693 4870.2
622 15 -2421.1
333 385 -9601.3
849 414 -7074.1
274 153 -6347.1
614 507 -5251.1
213 657 8232.9
848 874 4634.9
676 278 9234.5
178 314 -4592.2
620 576 5494.5
341 202 -4459.4
955 50 8890.3
788 280 -6333.1
346 131 9140.9
481 202 -9778.9
125 682 -1999.4
298 435 4339.5
747 855 9410.2
629 781 -4737.2
861 248 1682.8
968 585 -1020.5
932 856 5476.1
722 1000 -6034.7
205 834 -5816.1
761 565 6432.7
477 407 565.7
988 154 6702.0
166 188 -3845.1
335 805 -1116.9
657 474 5836.7
181 596 -4354.3
91 22 -7919.5
658 903 3730.2
305 857 1986.2
677 951 -2490.1
321 862 1893.8
865 775 -8697.2
200 749 3880.8
329 901 1738.6
40 273 -9037.4
58 692 7658.1
568 580 6937.2
24 63 9079.2
502 718 -1837.9
430 875 5497.9
534 154 3543.9
758 338 -4367.9
828 937 9330.9
674 908 6234.5
565 867 6314.0
468 971 7215.9
177 942 -8293.9
300 490 -5801.9
198 40 7261.4
253 937 -2382.4
135 502 6707.7
339 380 7071.9
677 157 1369.3
993 884 3393.3
680 418 -1397.5
514 567 5731.5
782 407 2681.6
143 728 -7389.9
34 730 -6014.6
411 646 -1699.3
662 982 -5661.9
364 358 -1660.5
856 483 7399.3
802 897 4380.4
375 906 -5737.6
750 632 8593.6
254 304 565.5
563 390 7658.7
283 432 5019.2
168 624 -9135.1
985 36 -6188.1
762 263 9554.1
772 42 -8267.7
174 844 8562.9
26 96 5002.3
139 289 -4751.0
836 6 -5455.8
242 629 9963.5
246 732 415.9
89 396 -1039.9
625 853 -9682.7
377 532 -659.4
185 81 5818.9
859 505 -6992.3
674 416 -202.8
729 564 9289.0
842 721 9160.6
710 288 -918.4
713 637 -3935.6
96 580 -8340.2
505 223 -6998.5
280 950 4856.2
442 864 -7112.5
480 842 4417.3
623 200 -7107.7
514 264 -2405.7
90 734 5163.3
305 637 367.3
809 799 -1806.7
320 983 -5355.8
946 784 -3798.5
275 236 -1008.3
899 532 -8736.6
515 834 1476.3
45 232 2946.4
935 812 -6966.2
206 63 -4031.3
232 49 5079.2
116 763 6755.4
409 174 -2832.9
768 227 3080.7
671 948 -9163.1
569 37 -9022.0
322 504 7032.5
134 519 5257.7
459 606 -1706.6
771 304 -6702.2
283 679 -5266.6
606 331 -8736.8
688 533 -1166.3
844 305 987.7
751 186 -2844.6
582 486 1537.0
596 772 -2219.7
511 893 -7859.3
171 118 5212.3
494 400 1951.1
944 449 3282.4
539 431 7611.8
225 903 7699.1
878 197 -1882.1
584 24 -7570.6
383 901 -2970.8
553 365 -6594.7
582 358 2971.7
523 833 847.1
257 732 9043.1
10 178 -8293.2
322 715 6213.8
785 106 1917.8
244 637 7709.6
220 254 4305.3
786 417 6.7
940 491 8980.8
718 372 -1840.2
245 549 -2692.5
910 831 -1712.2
396 656 356.3
779 627 8566.9
49 397 4284.0
482 566 -6761.0
84 967 4903.1
891 736 4393.8
282 876 7602.7
4 974 5840.2
844 921 9443.0
44 135 -2402.7
17 740 2280.2
377 29 -9309.1
189 522 1365.6
238 568 -9320.4
776 558 6117.3
830 8 -968.9
292 952 5605.2
518 74 9340.8
272 917 -2857.3
492 684 5465.2
916 206 -2414.2
703 721 -873.3
484 962 -1605.0
426 236 1118.7
665 29 5651.3
322 549 -6100.6
315 555 7298.4
768 700 -9799.0
514 46 -3897.5
946 455 6496.5
668 809 103.5
571 636 8055.1
758 270 -8351.3
103 817 7556.3
872 850 2180.7
880 2 1955.9
395 368 -3546.9
590 440 -8029.8
272 963 -5404.6
590 393 1600.8
521 431 -6701.7
677 613 6478.5
927 960 -7908.4
32 428 -2754.7
2 13 9103.1
854 981 -2223.0
270 847 5440.5
740 821 -6907.7
396 726 -492.2
160 623 2660.0
410 350 -8686.9
306 971 4967.1
162 604 -3322.9
764 708 -4278.6
776 588 -2625.9
356 741 4491.5
159 708 -6226.0
736 140 2128.0
802 398 1118.7
761 951 -187.3
883 437 -1095.7
245 693 -8167.3
166 391 8731.7
858 750 -40.8
386 421 -5310.4
276 798 2042.9
954 105 -1826.7
278 194 -1055.4
316 243 9148.1
983 120 8475.3
25 47 1350.1
632 571 5394.4
783 759 1967.3
284 772 -8910.3
893 51 9516.6
850 289 -5525.4
979 66 -9000.0
120 233 -6984.6
754 293 -7721.7
580 893 -4749.2
943 40 -7725.5
897 985 -519.3
135 273 384.1
203 352 -1142.3
378 559 -1351.5
872 405 -8907.7
671 126 -7251.6
544 217 -7058.3
969 977 24.2
841 857 842.5
649 931 6581.1
473 237 980.4
480 581 5738.9
37 476 -2376.9
192 346 -3874.5
174 754 6525.5
943 873 -3448.5
200 117 9934.5
15 148 7553.2
543 407 -1138.0
11 988 -2063.3
888 246 4997.8
951 227 -6779.4
395 585 5836.0
983 313 3786.1
439 972 -3272.0
451 994 9114.5
815 240 8927.0
66 297 -5551.8
842 59 5982.7
962 364 -1945.8
737 280 -8356.5
228 512 -1645.5
516 772 7694.9
814 262 -3733.5
657 304 5851.2
667 142 -3111.2
102 159 -7825.6
158 815 -8494.4
92 84 4842.4
18 882 4608.9
8 336 -6121.6
265 977 1187.8
174 641 -3477.0
948 20 -452.2
134 575 -7892.5
908 596 4717.7
56 92 2612.3
336 816 7048.7
398 14 -905.8
702 310 -9214.6
216 320 -8905.2
598 580 3205.8
556 958 -5609.4
497 142 -8341.7
372 807 -4975.5
87 950 -500.4
431 670 8748.3
233 30 -9834.1
406 62 -9161.6
260 810 9395.0
33 98 9313.3
917 464 -786.2
462 732 0.5
660 782 2144.9
275 163 4652.0
338 515 -1771.8
116 797 3669.0
417 962 -5729.7
950 31 9901.6
157 526 -8944.6
481 696 -2532.9
423 885 3472.0
368 867 965.5
298 727 -7375.1
22 887 -1346.2
599 112 45.1
465 951 7174.1
22 447 2001.8
779 565 -3611.5
975 181 -4582.7
886 159 4468.5
393 16 6174.4
534 780 569.8
839 294 9321.1
999 159 -9878.1
458 792 2120.0
164 629 1467.3
978 898 7704.3
162 103 3791.3
732 436 -5986.2
302 562 -4349.6
599 72 -1228.7
513 870 -5957.7
20 431 6317.5
993 825 9428.4
962 581 5918.4
838 623 -9899.4
648 324 -3049.5
308 230 -2303.2
96 852 4617.0
400 229 -6958.5
44 143 -4048.6
892 966 -2176.3
288 780 3204.9
156 220 -2071.9
805 229 9778.8
613 372 -4316.8
103 994 1659.8
360 249 9874.5
76 92 -6662.0
843 80 -2283.5
349 514 8754.6
730 746 3785.3
287 705 -7435.9
917 141 339.3
48 50 6324.9
352 294 -1274.9
581 119 6571.6
945 808 8319.2
166 298 -3623.6
388 865 7372.2
152 112 -8597.9
99 357 7557.3
213 870 -1338.0
108 843 -8987.5
88 565 -306.4
905 207 8561.8
635 858 57.5
968 187 5503.7
944 633 -8780.3
239 885 -7444.1
621 238 5122.7
458 484 -6525.1
339 972 5814.1
649 120 -2163.6
261 816 8102.8
746 946 1498.8
447 717 -1252.6
380 457 -8743.7
749 613 -2808.1
651 811 -5784.8
353 915 8106.2
519 254 5370.8
96 778 5580.2
2 986 -8260.7
54 219 4536.9
168 512 6594.0
618 732 -6266.4
215 948 2665.5
672 387 -3158.0
361 112 1930.3
667 137 1169.5
48 85 847.5
685 570 7415.0
220 137 -7812.1
362 238 -14.9
505 879 2601.1
579 383 8359.7
653 40 9898.5
248 58 1055.6
246 492 8701.1
628 260 8309.3
780 673 -7326.6
148 932 2491.8
662 678 1980.0
953 602 -147.7
419 878 6904.4
196 653 7363.8
145 509 2456.7
449 203 -2777.2
901 5 -7944.8
